VP	d2_KL	REV	BIS_UW	BIS_KW	BIS_TG	BIS_Factor	sb1_RT	snb1_RT	tb1_RT	tnb1_RT	rb1_RT	rnb1_RT	sb1_ErrPerc	snb1_ErrPerc	tb1_ErrPerc	tnb1_ErrPerc	rb1_ErrPerc	rnb1_ErrPerc	s1_RT	t1_RT	r1_RT	lg_s1_RT	lg_t1_RT	lg_r1_RT	FOC_1_Descr	PRE_1_Descr	FOC_1	FOC_2	PRE_1	PRE_2
1,00	130,00	294,00	25,00	9,00	13,00	-1,97664	970,33	888,83	766,23	871,38	488,76	#NULL!	8,75	1,25	1,25	1,25	0,00	#NULL!	929,58	818,81	#NULL!	2,97	2,91	#NULL!	-110,78	#NULL!	0,06	0,00	#NULL!	#NULL!
2,00	218,00	465,00	47,00	24,00	12,00	0,05672	730,83	793,52	695,45	742,49	297,10	733,94	0,00	2,50	2,50	0,00	1,25	6,25	762,18	718,97	515,52	2,88	2,86	2,71	-43,20	-203,45	0,03	-0,02	0,14	0,13
3,00	186,00	316,00	32,00	22,00	14,00	-0,50472	700,76	692,21	631,84	673,08	339,54	713,64	6,25	3,75	5,00	3,75	1,25	3,75	696,49	652,46	526,59	2,84	2,81	2,72	-44,03	-125,87	0,03	-0,02	0,09	0,09
4,00	193,00	296,00	26,00	20,00	12,00	-1,23464	609,85	694,46	646,49	772,21	438,72	825,56	7,50	11,25	6,25	6,25	1,25	11,25	652,16	709,35	632,14	2,81	2,85	2,80	57,20	-77,21	-0,04	-0,04	0,05	0,04
5,00	196,00	404,00	35,00	24,00	15,00	-0,06315	739,41	689,23	619,00	707,76	442,64	694,23	1,25	3,75	7,50	1,25	5,00	1,25	714,32	663,38	568,44	2,85	2,82	2,75	-50,94	-94,95	0,03	-0,02	0,07	0,06
6,00	215,00	338,00	25,00	24,00	15,00	-0,53215	573,84	692,47	563,55	755,35	339,99	511,38	3,75	3,75	3,75	2,50	1,25	2,50	633,16	659,45	425,69	2,80	2,82	2,63	26,30	-233,77	-0,02	-0,04	0,19	0,19
7,00	269,00	435,00	39,00	31,00	15,00	0,66075	570,18	665,29	614,97	645,18	231,29	531,97	6,25	7,50	8,75	5,00	5,00	5,00	617,74	630,08	381,63	2,79	2,80	2,58	12,34	-248,45	-0,01	-0,04	0,22	0,22
8,00	221,00	355,00	28,00	26,00	13,00	-0,53352	695,67	712,23	700,03	788,94	432,96	675,86	5,00	12,50	13,75	13,75	3,75	11,25	703,95	744,49	554,41	2,85	2,87	2,74	40,54	-190,08	-0,02	-0,02	0,13	0,11
9,00	208,00	334,00	39,00	29,00	15,00	0,50752	616,51	693,29	653,22	780,47	399,26	891,27	5,00	2,50	5,00	2,50	2,50	3,75	654,90	716,85	645,27	2,82	2,86	2,81	61,95	-71,58	-0,04	-0,04	0,05	0,07
10,00	257,00	504,00	53,00	36,00	18,00	2,14336	586,57	648,86	578,18	610,81	348,13	524,34	2,50	0,00	0,00	0,00	0,00	1,25	617,72	594,50	436,24	2,79	2,77	2,64	-23,22	-158,26	0,02	-0,03	0,13	0,22
11,00	215,00	570,00	40,00	34,00	20,00	1,67572	687,80	702,28	644,69	746,07	396,57	725,30	7,50	6,25	8,75	3,75	2,50	2,50	695,04	695,38	560,94	2,84	2,84	2,75	0,34	-134,45	0,00	0,00	0,09	0,20
12,00	215,00	357,00	37,00	28,00	15,00	0,33711	526,57	583,38	527,67	620,22	251,05	624,52	3,75	2,50	10,00	8,75	3,75	15,00	554,98	573,95	437,79	2,74	2,76	2,64	18,97	-136,16	-0,01	-0,02	0,12	0,16
13,00	256,00	372,00	36,00	25,00	8,00	-0,97316	669,83	773,05	713,26	809,45	438,31	852,04	3,75	2,50	1,25	2,50	1,25	3,75	721,44	761,36	645,18	2,86	2,88	2,81	39,92	-116,18	-0,02	-0,01	0,07	0,13
14,00	167,00	324,00	30,00	24,00	15,00	-0,29765	680,49	787,29	665,91	750,04	475,95	730,97	8,75	12,50	8,75	6,25	6,25	8,75	733,89	707,98	603,46	2,87	2,85	2,78	-25,92	-104,52	0,02	-0,01	0,07	0,09
15,00	203,00	445,00	23,00	26,00	12,00	-0,91567	638,31	786,32	656,14	804,00	475,13	841,29	1,25	2,50	1,25	0,00	0,00	1,25	712,32	730,07	658,21	2,85	2,86	2,82	17,75	-71,86	-0,01	-0,04	0,05	0,11
16,00	244,00	409,00	23,00	17,00	13,00	-1,45754	563,25	608,71	527,78	619,47	285,12	#NULL!	2,50	7,50	6,25	5,00	1,25	#NULL!	585,98	573,63	#NULL!	2,77	2,76	#NULL!	-12,36	#NULL!	0,01	0,01	#NULL!	#NULL!
17,00	207,00	258,00	18,00	15,00	7,00	-2,73115	606,95	644,45	578,73	624,71	280,74	#NULL!	2,50	8,75	7,50	6,25	1,25	#NULL!	625,70	601,72	#NULL!	2,80	2,78	#NULL!	-23,98	#NULL!	0,02	-0,01	#NULL!	#NULL!
18,00	181,00	332,00	32,00	24,00	14,00	-0,35150	665,44	770,90	612,29	734,82	326,72	709,36	5,00	7,50	2,50	2,50	2,50	3,75	718,17	673,56	518,04	2,86	2,83	2,71	-44,62	-155,52	0,03	-0,02	0,11	0,11
19,00	230,00	452,00	38,00	27,00	15,00	0,30739	521,51	619,14	565,85	665,29	214,76	613,85	5,00	5,00	12,50	10,00	7,50	6,25	570,33	615,57	414,31	2,76	2,79	2,62	45,24	-201,27	-0,03	-0,03	0,17	0,15
20,00	231,00	455,00	44,00	41,00	16,00	1,80903	607,32	703,04	639,37	717,01	277,36	644,27	7,50	7,50	6,25	13,75	3,75	2,50	655,18	678,19	460,82	2,82	2,83	2,66	23,01	-217,38	-0,01	0,00	0,17	0,20
21,00	203,00	373,00	22,00	24,00	17,00	-0,37756	688,76	787,95	684,71	760,42	493,64	770,39	3,75	1,25	2,50	5,00	3,75	7,50	738,36	722,57	632,02	2,87	2,86	2,80	-15,79	-90,55	0,01	-0,02	0,06	0,18
22,00	148,00	283,00	35,00	23,00	14,00	-0,28741	#NULL!	#NULL!	#NULL!	#NULL!	#NULL!	#NULL!	#NULL!	#NULL!	#NULL!	#NULL!	#NULL!	#NULL!	#NULL!	#NULL!	#NULL!	#NULL!	#NULL!	#NULL!	#NULL!	#NULL!	#NULL!	-0,03	#NULL!	0,07
23,00	290,00	456,00	38,00	17,00	13,00	-0,75403	526,72	578,23	534,69	596,61	163,36	549,88	11,25	3,75	3,75	6,25	2,50	5,00	552,48	565,65	356,62	2,74	2,75	2,55	13,18	-209,03	-0,01	-0,01	0,20	0,24
24,00	195,00	437,00	42,00	32,00	15,00	0,87806	594,77	722,74	578,63	683,71	332,18	666,63	21,25	6,25	6,25	0,00	3,75	6,25	658,76	631,17	499,41	2,82	2,80	2,70	-27,58	-131,77	0,02	-0,02	0,10	0,18
25,00	185,00	401,00	24,00	13,00	15,00	-1,42180	752,37	798,69	714,57	760,19	306,61	814,92	3,75	0,00	1,25	1,25	1,25	2,50	775,53	737,38	560,77	2,89	2,87	2,75	-38,15	-176,62	0,02	-0,03	0,12	0,14
26,00	163,00	330,00	24,00	20,00	10,00	-1,62374	776,55	925,36	876,09	937,09	680,11	887,16	1,25	2,50	1,25	2,50	1,25	3,75	850,96	906,59	783,64	2,93	2,96	2,89	55,64	-122,96	-0,03	-0,04	0,06	0,09
27,00	290,00	488,00	35,00	31,00	13,00	0,17785	594,12	651,17	590,83	648,05	333,73	599,14	2,50	1,25	6,25	3,75	3,75	1,25	622,65	619,44	466,44	2,79	2,79	2,67	-3,20	-153,01	0,00	0,00	0,12	0,19
28,00	257,00	406,00	42,00	24,00	15,00	0,26516	597,36	683,32	566,93	688,68	247,21	561,70	0,00	2,50	0,00	0,00	0,00	0,00	640,34	627,81	404,46	2,81	2,80	2,61	-12,54	-223,35	0,01	-0,03	0,19	0,23
29,00	214,00	366,00	35,00	16,00	10,00	-1,41429	650,44	723,72	693,39	881,11	355,26	606,61	11,25	11,25	10,00	5,00	11,25	12,50	687,08	787,25	480,94	2,84	2,90	2,68	100,17	-306,32	-0,06	-0,11	0,21	0,21
30,00	230,00	489,00	46,00	29,00	20,00	1,57406	570,23	645,99	545,97	696,09	385,30	593,41	5,00	3,75	3,75	3,75	5,00	0,00	608,11	621,03	489,36	2,78	2,79	2,69	12,92	-131,68	-0,01	-0,02	0,10	0,17
31,00	210,00	363,00	25,00	31,00	16,00	0,15179	575,99	618,49	585,70	664,81	277,99	624,00	2,50	5,00	3,75	1,25	1,25	2,50	597,24	625,26	451,00	2,78	2,80	2,65	28,02	-174,26	-0,02	-0,05	0,14	0,17
32,00	285,00	454,00	35,00	30,00	20,00	1,13476	469,77	511,38	466,46	523,64	123,32	381,30	7,50	5,00	6,25	6,25	0,00	6,25	490,58	495,05	252,31	2,69	2,69	2,40	4,47	-242,74	0,00	-0,01	0,29	0,30
33,00	246,00	443,00	56,00	30,00	16,00	1,52909	609,82	691,97	574,73	666,84	362,27	702,91	0,00	0,00	0,00	1,25	2,50	2,50	650,90	620,79	532,59	2,81	2,79	2,73	-30,11	-88,20	0,02	-0,02	0,07	0,21
34,00	233,00	304,00	32,00	27,00	14,00	-0,12166	616,61	721,84	638,63	737,14	318,70	683,90	3,75	5,00	2,50	1,25	1,25	5,00	669,23	687,89	501,30	2,83	2,84	2,70	18,66	-186,59	-0,01	-0,03	0,14	0,17
35,00	183,00	369,00	31,00	25,00	13,00	-0,46943	714,59	830,68	693,91	807,79	475,18	637,07	0,00	0,00	1,25	0,00	2,50	3,75	772,64	750,85	556,13	2,89	2,88	2,75	-21,79	-194,73	0,01	-0,01	0,13	0,12
36,00	205,00	315,00	37,00	27,00	15,00	0,26049	730,83	804,42	658,36	742,19	423,51	833,55	2,50	3,75	7,50	6,25	5,00	7,50	767,63	700,28	628,53	2,89	2,85	2,80	-67,35	-71,75	0,04	-0,01	0,05	0,11
37,00	211,00	503,00	48,00	34,00	17,00	1,60798	525,12	628,96	570,65	658,71	311,25	615,88	11,25	11,25	10,00	8,75	7,50	11,25	577,04	614,68	463,57	2,76	2,79	2,67	37,64	-151,12	-0,03	-0,02	0,12	0,22
38,00	188,00	349,00	32,00	27,00	14,00	-0,12166	697,10	829,47	729,82	827,75	578,07	836,36	6,25	3,75	6,25	6,25	2,50	1,25	763,29	778,79	707,22	2,88	2,89	2,85	15,50	-71,57	-0,01	0,01	0,04	0,03
39,00	223,00	540,00	57,00	37,00	17,00	2,25993	497,62	576,97	494,22	578,36	216,32	578,69	10,00	10,00	15,00	5,00	3,75	12,50	537,30	536,29	397,51	2,73	2,73	2,60	-1,01	-138,79	0,00	-0,03	0,13	0,21
40,00	203,00	440,00	32,00	25,00	16,00	0,02041	576,48	708,85	659,94	774,04	289,47	694,68	3,75	6,25	6,25	3,75	0,00	5,00	642,67	716,99	492,08	2,81	2,86	2,69	74,33	-224,92	-0,05	-0,01	0,16	0,13
41,00	227,00	346,00	41,00	24,00	18,00	0,66119	674,03	701,80	662,92	694,49	384,97	668,58	2,50	1,25	0,00	7,50	3,75	5,00	687,92	678,71	526,78	2,84	2,83	2,72	-9,21	-151,93	0,01	-0,02	0,11	0,12
42,00	215,00	346,00	37,00	24,00	13,00	-0,26464	597,35	733,64	614,00	757,67	390,68	808,15	8,75	3,75	5,00	2,50	2,50	3,75	665,50	685,84	599,42	2,82	2,84	2,78	20,34	-86,42	-0,01	-0,02	0,06	0,12
43,00	145,00	312,00	30,00	23,00	18,00	0,06868	#NULL!	#NULL!	#NULL!	#NULL!	#NULL!	#NULL!	#NULL!	#NULL!	#NULL!	#NULL!	#NULL!	#NULL!	#NULL!	#NULL!	#NULL!	#NULL!	#NULL!	#NULL!	#NULL!	#NULL!	#NULL!	-0,02	#NULL!	0,02
44,00	235,00	479,00	42,00	22,00	18,00	0,55487	588,78	659,66	558,86	674,09	271,14	578,19	1,25	1,25	5,00	1,25	0,00	3,75	624,22	616,48	424,67	2,80	2,79	2,63	-7,75	-191,81	0,01	0,00	0,16	0,18
45,00	177,00	442,00	26,00	20,00	15,00	-0,79170	498,65	555,14	502,86	601,54	244,88	537,12	6,25	7,50	6,25	5,00	0,00	8,75	526,90	552,20	391,00	2,72	2,74	2,59	25,31	-161,20	-0,02	-0,03	0,15	0,16
46,00	217,00	376,00	34,00	27,00	13,00	-0,17550	766,45	788,49	655,37	693,64	318,92	635,94	6,25	3,75	6,25	3,75	3,75	6,25	777,47	674,51	477,43	2,89	2,83	2,68	-102,97	-197,08	0,06	-0,04	0,15	0,19
47,00	243,00	344,00	35,00	23,00	14,00	-0,28741	543,09	619,83	531,23	666,80	351,77	674,55	11,25	8,75	8,75	10,00	10,00	8,75	581,46	599,02	513,16	2,76	2,78	2,71	17,55	-85,86	-0,01	-0,04	0,07	0,15
48,00	168,00	269,00	28,00	21,00	13,00	-0,91658	720,27	868,76	708,23	821,91	557,29	901,88	2,50	7,50	5,00	1,25	1,25	5,00	794,52	765,07	729,59	2,90	2,88	2,86	-29,45	-35,48	0,02	-0,06	0,02	0,05
49,00	189,00	372,00	33,00	17,00	13,00	-0,98853	600,68	649,80	584,63	626,14	282,25	554,99	2,50	1,25	6,25	3,75	3,75	5,00	625,24	605,39	418,62	2,80	2,78	2,62	-19,86	-186,77	0,01	-0,02	0,16	0,16
50,00	182,00	307,00	24,00	24,00	15,00	-0,57905	719,83	784,54	694,34	790,09	417,89	715,34	2,50	3,75	3,75	3,75	2,50	1,25	752,19	742,22	566,62	2,88	2,87	2,75	-9,97	-175,60	0,01	0,00	0,12	0,14
51,00	204,00	312,00	36,00	22,00	13,00	-0,46477	690,35	808,26	656,78	810,18	503,27	892,15	2,50	3,75	0,00	3,75	2,50	10,00	749,31	733,48	697,71	2,87	2,87	2,84	-15,83	-35,77	0,01	-0,02	0,02	0,06
52,00	288,00	453,00	33,00	31,00	18,00	0,82228	562,66	614,29	553,79	587,38	193,10	448,41	3,75	3,75	5,00	7,50	3,75	0,00	588,48	570,59	320,76	2,77	2,76	2,51	-17,89	-249,83	0,01	-0,03	0,25	0,29
53,00	261,00	396,00	26,00	23,00	18,00	-0,11893	579,59	610,93	565,66	569,67	255,65	541,35	5,00	7,50	6,25	13,75	3,75	7,50	595,26	567,67	398,50	2,77	2,75	2,60	-27,60	-169,17	0,02	-0,02	0,15	0,18
54,00	259,00	507,00	42,00	31,00	17,00	1,09674	582,22	647,86	586,77	678,16	350,31	554,84	5,00	6,25	5,00	3,75	2,50	3,75	615,04	632,47	452,58	2,79	2,80	2,66	17,43	-179,89	-0,01	-0,02	0,15	0,21
55,00	218,00	435,00	55,00	37,00	17,00	2,16613	636,32	652,10	672,94	634,96	255,90	780,95	2,50	5,00	6,25	5,00	2,50	3,75	644,21	653,95	518,43	2,81	2,82	2,71	9,74	-135,53	-0,01	-0,08	0,10	0,19
56,00	254,00	426,00	34,00	23,00	12,00	-0,62960	624,63	684,36	637,85	728,85	240,61	610,74	0,00	3,75	0,00	2,50	0,00	1,25	654,50	683,35	425,68	2,82	2,83	2,63	28,86	-257,68	-0,02	-0,02	0,21	0,33
57,00	205,00	271,00	19,00	24,00	13,00	-1,10885	670,09	845,06	723,40	792,85	663,88	754,87	0,00	0,00	5,00	2,50	2,50	10,00	757,58	758,13	709,38	2,88	2,88	2,85	0,55	-48,75	0,00	-0,02	0,03	0,06
58,00	274,00	374,00	32,00	25,00	12,00	-0,57018	585,87	605,76	573,51	626,54	234,07	599,03	1,25	2,50	3,75	0,00	0,00	0,00	595,82	600,03	416,55	2,78	2,78	2,62	4,21	-183,48	0,00	-0,03	0,16	0,24
59,00	188,00	325,00	37,00	22,00	15,00	-0,12257	738,96	779,25	641,76	727,25	424,38	761,88	6,25	11,25	7,50	6,25	6,25	12,50	759,11	684,51	593,13	2,88	2,84	2,77	-74,60	-91,38	0,04	-0,02	0,06	0,09
60,00	258,00	540,00	45,00	31,00	20,00	1,68038	526,13	596,45	550,85	606,33	187,12	527,01	7,50	3,75	5,00	5,00	1,25	5,00	561,29	578,59	357,07	2,75	2,76	2,55	17,30	-221,53	-0,01	-0,03	0,21	0,24
61,00	191,00	282,00	19,00	28,00	12,00	-0,95004	645,25	961,48	660,78	934,36	261,08	730,36	3,75	5,00	2,50	1,25	2,50	6,25	803,37	797,57	495,72	2,90	2,90	2,70	-5,80	-301,85	0,00	-0,01	0,21	0,18
62,00	220,00	386,00	32,00	24,00	14,00	-0,35150	655,71	676,17	619,88	686,39	370,28	623,61	2,50	2,50	6,25	1,25	7,50	2,50	665,94	653,14	496,95	2,82	2,82	2,70	-12,81	-156,19	0,01	-0,03	0,12	0,19
63,00	158,00	239,00	21,00	16,00	12,00	-1,77560	980,86	915,01	813,58	890,64	548,04	818,11	6,25	5,00	6,25	3,75	3,75	3,75	947,94	852,11	683,08	2,98	2,93	2,83	-95,82	-169,04	0,05	-0,02	0,10	0,13
64,00	234,00	396,00	45,00	25,00	15,00	0,48247	541,67	623,71	642,21	635,14	205,45	606,12	8,75	5,00	7,50	3,75	3,75	1,25	582,69	638,68	405,79	2,77	2,81	2,61	55,98	-232,89	-0,04	-0,04	0,20	0,21
65,00	227,00	460,00	42,00	32,00	15,00	0,87806	719,24	643,47	631,84	648,49	180,32	522,26	5,00	1,25	3,75	0,00	0,00	2,50	681,36	640,17	351,29	2,83	2,81	2,55	-41,19	-288,88	0,03	-0,01	0,26	0,25
66,00	270,00	512,00	51,00	36,00	17,00	1,90191	561,62	680,99	561,20	677,20	330,08	565,44	2,50	1,25	2,50	3,75	1,25	0,00	621,31	619,20	447,76	2,79	2,79	2,65	-2,11	-171,44	0,00	-0,04	0,14	0,22
67,00	258,00	367,00	32,00	24,00	15,00	-0,20385	561,04	585,17	537,17	564,15	297,52	576,81	2,50	2,50	0,00	6,25	1,25	3,75	573,11	550,66	437,17	2,76	2,74	2,64	-22,45	-113,50	0,02	0,00	0,10	0,16
68,00	198,00	297,00	30,00	21,00	15,00	-0,52749	946,37	910,11	920,68	920,77	554,81	791,72	1,25	1,25	1,25	0,00	2,50	1,25	928,24	920,73	673,27	2,97	2,96	2,83	-7,52	-247,46	0,00	-0,04	0,14	0,16
69,00	211,00	457,00	30,00	27,00	18,00	0,37513	575,55	621,58	517,90	619,38	201,15	466,85	6,25	1,25	3,75	2,50	0,00	1,25	598,57	568,64	334,00	2,78	2,75	2,52	-29,93	-234,64	0,02	0,00	0,23	0,22
70,00	255,00	436,00	37,00	25,00	14,00	-0,04038	545,41	673,51	552,89	639,31	247,64	486,73	7,50	6,25	2,50	1,25	2,50	5,00	609,46	596,10	367,19	2,78	2,78	2,56	-13,36	-228,92	0,01	-0,03	0,21	0,25
71,00	248,00	462,00	35,00	27,00	15,00	0,16669	579,63	655,03	619,49	746,78	301,18	592,00	8,75	7,50	5,00	6,25	3,75	12,50	617,33	683,14	446,59	2,79	2,83	2,65	65,81	-236,55	-0,04	-0,02	0,18	0,21
72,00	185,00	334,00	39,00	21,00	14,00	-0,25303	746,57	793,24	681,75	768,48	722,59	832,95	0,00	0,00	0,00	0,00	2,50	5,00	769,91	725,12	777,77	2,89	2,86	2,89	-44,79	52,66	0,03	0,01	-0,03	-0,01
73,00	189,00	386,00	35,00	30,00	15,00	0,39653	591,47	615,07	605,65	674,45	434,03	604,13	3,75	2,50	7,50	0,00	7,50	5,00	603,27	640,05	519,08	2,78	2,81	2,72	36,78	-120,97	-0,03	-0,02	0,09	0,19
74,00	253,00	453,00	47,00	28,00	20,00	1,54434	546,72	624,90	521,63	679,19	379,53	557,17	3,75	5,00	3,75	3,75	1,25	1,25	585,81	600,41	468,35	2,77	2,78	2,67	14,60	-132,06	-0,01	-0,03	0,11	0,20
75,00	252,00	406,00	30,00	29,00	16,00	0,23306	603,84	624,04	571,60	631,08	241,64	486,25	2,50	2,50	10,00	2,50	0,00	6,25	613,94	601,34	363,95	2,79	2,78	2,56	-12,60	-237,40	0,01	-0,02	0,22	0,23
76,00	237,00	375,00	36,00	22,00	15,00	-0,16947	666,18	723,99	670,04	755,03	435,22	663,31	1,25	1,25	2,50	1,25	1,25	15,00	695,09	712,54	549,27	2,84	2,85	2,74	17,45	-163,27	-0,01	-0,02	0,11	0,15
77,00	226,00	432,00	26,00	19,00	15,00	-0,86832	656,27	665,31	570,87	603,49	371,32	702,89	5,00	7,50	7,50	7,50	13,75	8,75	660,79	587,18	537,11	2,82	2,77	2,73	-73,61	-50,08	0,05	-0,02	0,04	0,08
78,00	228,00	428,00	41,00	20,00	14,00	-0,23584	583,72	613,97	532,39	577,08	239,93	575,00	1,25	2,50	2,50	3,75	2,50	8,75	598,85	554,74	407,47	2,78	2,74	2,61	-44,11	-147,27	0,03	-0,03	0,13	0,17
79,00	203,00	469,00	51,00	35,00	20,00	2,26824	#NULL!	#NULL!	#NULL!	#NULL!	#NULL!	#NULL!	#NULL!	#NULL!	#NULL!	#NULL!	#NULL!	#NULL!	#NULL!	#NULL!	#NULL!	#NULL!	#NULL!	#NULL!	#NULL!	#NULL!	#NULL!	-0,01	#NULL!	0,16
80,00	243,00	362,00	32,00	26,00	17,00	0,24467	512,19	609,17	526,25	599,19	268,39	569,14	2,50	3,75	2,50	3,75	1,25	5,00	560,68	562,72	418,77	2,75	2,75	2,62	2,04	-143,96	0,00	-0,03	0,13	0,19
81,00	254,00	479,00	39,00	28,00	15,00	0,43091	654,39	736,45	583,43	704,35	367,75	609,21	1,25	1,25	2,50	2,50	1,25	3,75	695,42	643,89	488,48	2,84	2,81	2,69	-51,53	-155,41	0,03	-0,04	0,12	0,16
82,00	223,00	325,00	26,00	18,00	15,00	-0,94493	730,09	684,80	712,06	732,67	483,43	732,99	3,75	8,75	1,25	3,75	1,25	3,75	707,45	722,37	608,21	2,85	2,86	2,78	14,92	-114,16	-0,01	-0,03	0,07	0,15
83,00	189,00	267,00	30,00	16,00	14,00	-1,05820	690,88	788,82	781,61	900,65	482,97	792,97	3,75	3,75	2,50	0,00	2,50	3,75	739,85	841,13	637,97	2,87	2,92	2,80	101,28	-203,16	-0,06	-0,09	0,12	0,21
84,00	181,00	353,00	20,00	17,00	14,00	-1,45059	748,14	983,57	786,04	950,95	509,79	818,47	8,75	0,00	5,00	1,25	0,00	2,50	865,86	868,50	664,13	2,94	2,94	2,82	2,64	-204,37	0,00	-0,02	0,12	0,13
85,00	209,00	351,00	33,00	16,00	13,00	-1,06515	693,17	816,13	611,90	735,48	513,06	786,49	2,50	2,50	0,00	0,00	0,00	3,75	754,65	673,69	649,78	2,88	2,83	2,81	-80,96	-23,92	0,05	-0,01	0,02	0,13
86,00	197,00	292,00	31,00	16,00	11,00	-1,45424	763,17	806,81	751,96	728,27	378,08	660,59	0,00	3,75	2,50	0,00	0,00	7,50	784,99	740,12	519,34	2,89	2,87	2,72	-44,88	-220,78	0,03	0,00	0,15	0,16
87,00	202,00	364,00	34,00	23,00	15,00	-0,18666	706,85	749,84	678,64	700,15	398,83	662,51	5,00	2,50	2,50	7,50	2,50	15,00	728,35	689,40	530,67	2,86	2,84	2,72	-38,95	-158,73	0,02	-0,02	0,11	0,12
88,00	242,00	362,00	40,00	25,00	14,00	0,10032	599,65	636,69	578,43	650,55	260,36	575,41	10,00	3,75	10,00	5,00	1,25	2,50	618,17	614,49	417,89	2,79	2,79	2,62	-3,68	-196,61	0,00	-0,01	0,17	0,22
89,00	232,00	377,00	56,00	36,00	13,00	1,54583	671,34	684,16	606,89	636,95	297,19	635,48	5,00	2,50	5,00	1,25	1,25	3,75	677,75	621,92	466,34	2,83	2,79	2,67	-55,83	-155,59	0,04	-0,01	0,13	0,19
90,00	220,00	370,00	33,00	27,00	15,00	0,07289	642,85	749,44	636,75	718,34	352,18	637,00	7,50	3,75	1,25	1,25	2,50	1,25	696,15	677,55	494,59	2,84	2,83	2,69	-18,60	-182,96	0,01	0,00	0,14	0,18
91,00	248,00	222,00	37,00	26,00	20,00	0,92211	593,38	634,71	562,76	622,32	206,41	534,74	3,75	5,00	6,25	3,75	2,50	5,00	614,05	592,54	370,58	2,79	2,77	2,57	-21,51	-221,97	0,02	-0,02	0,20	0,20
92,00	213,00	447,00	29,00	23,00	15,00	-0,42116	670,81	651,87	799,54	733,95	421,35	588,38	2,50	0,00	1,25	0,00	5,00	2,50	661,34	766,75	504,87	2,82	2,88	2,70	105,41	-261,88	-0,06	0,09	0,18	0,21
93,00	227,00	448,00	39,00	23,00	17,00	0,34313	595,07	651,23	551,10	604,36	317,81	624,90	8,75	2,50	7,50	3,75	2,50	5,00	623,15	577,73	471,36	2,79	2,76	2,67	-45,42	-106,38	0,03	-0,01	0,09	0,19
94,00	292,00	477,00	47,00	26,00	14,00	0,50524	437,08	550,19	469,72	571,40	177,96	483,09	2,50	2,50	10,00	1,25	1,25	3,75	493,64	520,56	330,53	2,69	2,72	2,52	26,93	-190,04	-0,02	-0,04	0,20	0,19
95,00	210,00	377,00	33,00	25,00	13,00	-0,37563	510,05	625,35	510,58	654,39	325,76	630,75	3,75	1,25	5,00	1,25	1,25	0,00	567,70	582,49	478,26	2,75	2,77	2,68	14,79	-104,23	-0,01	-0,02	0,09	0,14
96,00	222,00	385,00	28,00	28,00	17,00	0,21029	556,20	708,66	584,89	666,00	287,84	603,29	1,25	2,50	3,75	2,50	2,50	0,00	632,43	625,45	445,57	2,80	2,80	2,65	-6,99	-179,88	0,00	-0,03	0,15	0,21
97,00	202,00	338,00	24,00	24,00	15,00	-0,57905	643,13	709,04	615,41	755,01	304,55	612,05	2,50	0,00	1,25	0,00	1,25	2,50	676,09	685,21	458,30	2,83	2,84	2,66	9,13	-226,91	-0,01	-0,04	0,17	0,17
98,00	281,00	522,00	38,00	29,00	15,00	0,46062	590,67	644,13	516,09	611,14	274,40	522,25	5,00	1,25	2,50	0,00	1,25	1,25	617,40	563,62	398,33	2,79	2,75	2,60	-53,79	-165,29	0,04	0,00	0,15	0,21
99,00	258,00	474,00	31,00	31,00	21,00	1,17142	506,99	529,34	517,19	527,53	158,55	443,05	5,00	7,50	5,00	1,25	0,00	3,75	518,17	522,36	300,80	2,71	2,72	2,48	4,20	-221,56	0,00	-0,01	0,24	0,28
100,00	207,00	378,00	29,00	23,00	14,00	-0,56881	640,99	760,47	640,72	796,63	679,40	834,38	6,25	5,00	10,00	2,50	3,75	1,25	700,73	718,68	756,89	2,85	2,86	2,88	17,94	38,22	-0,01	-0,03	-0,02	0,03
