condition	stimulus	Min	Max	Crossover	Slope	exitflag	R	LS	AR	N	status
None	bag	0.0208600097662089	0.79933641045431	595.111647757631	0.00246804821547552	2010	0.997863260562989	0.000487927541324664	0.962614713856118	326	1
None	bark	0.00047759880753645	0.793035286041472	562.02950778256	0.00276400419098882	2010	0.998868586144043	0.000271362056279618	0.937149920040706	326	1
None	barn	0.00454819709774629	0.732570143681505	552.720365469426	0.00200065420071695	2010	0.998079171208093	0.000357079727491466	0.96018114732691	326	1
None	bat	9.99305144189222e-09	0.723810902297312	687.686536586627	0.0012074877434214	2010	0.99789978918233	0.000356779257189457	0.960772587907043	326	1
None	beach	0.00428098774126312	0.822912315512528	679.523629419956	0.00172821227597727	2010	0.999091478761936	0.000194934847600494	0.91917056008785	326	1
None	beak	0.023003113537476	0.756894371799707	712.852476899285	0.00166791600197954	2010	0.995664780642783	0.000770252278269591	0.975697629599028	326	1
None	bed	0.0126265277981597	0.767005217420658	610.365800463872	0.00250739585706541	2010	0.997948199923748	0.000448401636400012	0.964692128647668	326	1
None	bell	0.0103050008210659	0.753670441721933	603.345468206483	0.00305613857144566	2010	0.998893778440229	0.000247481451645198	0.947868968906044	326	1
None	braid	9.05392588124165e-08	0.82674889571801	699.47201692194	0.00170234592913649	2010	0.997053804386173	0.000658913886587568	0.975774403477683	326	1
None	brain	1.23669696816542e-07	0.740822238055076	594.776432806677	0.00160299788062452	2010	0.998687466565298	0.000243804739459921	0.922862831206861	326	1
None	bug	0.0102386994499864	0.742376308842462	556.387882727354	0.00240107591316557	2010	0.997499142539775	0.000501721083871902	0.969763262923692	326	1
None	bus	0.00734249390551567	0.790160426864887	561.547898850614	0.00225714717254955	2010	0.998070524961423	0.000424601521391062	0.957105806108445	326	1
None	cab	0.0164078840777867	0.820164109753555	793.103866410761	0.001807278064894	2010	0.996809778717976	0.000637097259291324	0.969674712322689	326	1
None	cake	9.06889126961463e-07	0.784511983770123	587.673169992279	0.00198700777060415	2010	0.998644214188665	0.000295621737266998	0.943232435342072	326	1
None	cat	4.83656603807447e-05	0.788708478157644	497.694150754652	0.00287405547649895	2010	0.996673643858147	0.000765076875376239	0.981006275419578	326	1
None	cave	0.0163749426035441	0.718749988849051	699.171740328461	0.00146003305576886	2010	0.995599179779602	0.000707464884991809	0.973237500742984	326	1
None	cork	0.0185911078126174	0.770638328880836	618.758250734577	0.00211577146318855	2010	0.995242772156207	0.000983018215685084	0.984337164927874	326	1
None	corn	0.00360154085635495	0.775032659173084	608.316601053773	0.00224630967642067	2010	0.998940822571077	0.000231336168150887	0.936908431775603	326	1
None	crowd	7.370668464457e-09	0.808510633320087	655.058821989293	0.00125448152023462	2010	0.989785614913804	0.00192107464044181	0.98942613613355	326	1
None	crown	1.05918344650568e-08	0.820037070897347	620.333949010381	0.00146875939555458	2010	0.997663617564418	0.000529557752770854	0.964850569001293	326	1
None	goal	1.36711903464537e-08	0.739071405697084	626.209944362048	0.00140033605431543	2010	0.996563928593147	0.000574108658379549	0.966496907110582	326	1
None	goat	0.00471384373063344	0.701677997889683	536.119510514122	0.0024901855364949	2010	0.998702421674652	0.000238398468637154	0.940211416036953	326	1
None	hole	0.0222549566073	0.806451580528094	867.669071366503	0.00122475894186031	2010	0.992219837577482	0.00114334181162167	0.979444498418372	326	1
None	horn	5.90283910306688e-07	0.716769854627785	632.987966342302	0.00164252792433245	2010	0.998356334362471	0.00029437292933306	0.947923040623198	326	1
None	horse	0.00887121131633872	0.807144968516884	552.775065040719	0.00227242063950223	2010	0.997264419479546	0.000620499538736316	0.97609541214655	326	1
None	hose	0.0021052669428881	0.733900311562202	651.118334261968	0.00145242876854415	2010	0.99854149185325	0.00024186764668474	0.925546338793449	326	1
None	judge	1.02233096432869e-08	0.757894714400737	678.033947902376	0.00126624702342174	2010	0.998024319590816	0.00032614479955537	0.940035037030684	326	1
None	jug	1.02509896127145e-08	0.718749973566094	707.948932241395	0.00110985656439117	2010	0.998093826921322	0.000265466133803033	0.94892303324545	326	1
None	moon	0.0178919848066648	0.781249928336091	769.593776541533	0.00126689770086318	2010	0.994595245726527	0.000890548448539382	0.979590528370282	326	1
None	moose	0.00775065626782778	0.796045659703137	572.489770185057	0.00341122664258881	2010	0.99760213802539	0.000604677599361491	0.973922543086369	326	1
None	peace	0.0156990601532876	0.69791651068122	740.698324262519	0.00165595632317229	2010	0.998104067924002	0.000312031301797008	0.96144611267563	326	1
None	peach	0.00508552002946344	0.69332871862341	616.357668293164	0.0020495966735276	2010	0.996331334160885	0.000646588908687531	0.975427912772237	326	1
None	peak	0.013818969994253	0.708333154416562	805.239784520489	0.00133962558776128	2010	0.997388805815624	0.000366882039131326	0.951740414763084	326	1
None	peas	0.00359304707335656	0.842382984236165	616.353736361448	0.00186310229288769	2010	0.997768917911414	0.000515267653802853	0.964710415924503	326	1
None	pig	0.0160667469867788	0.703871168557967	587.133838898561	0.00233033036292455	2010	0.998073048929997	0.000349445769246153	0.951463083110531	326	1
None	pit	0.00235703506996621	0.734150561706101	623.096640717317	0.00221674091906097	2010	0.998775480384128	0.000244830914711891	0.9226851605838	326	1
None	plane	0.00105528063120397	0.838599357381228	719.118113124985	0.00192270782102323	2010	0.99736489578661	0.000609490031262933	0.96791668478784	326	1
None	plate	0.00385061986071	0.712692193383236	560.446910944182	0.00224842936481093	2010	0.998201835511045	0.000335020111856338	0.953636069260769	326	1
None	plug	0.0193072211984638	0.841062423332622	686.760836354752	0.00189012768400759	2010	0.996502995283412	0.000789553971531704	0.97483378624295	326	1
None	plum	0.0235628980672655	0.727865954146364	632.830273669587	0.00240982242926158	2010	0.996957244756549	0.000587730183930944	0.970616510468832	326	1
None	race	0.0280525981393847	0.843749930406115	764.241385725415	0.00172038271462085	2010	0.994816480044159	0.00107313612435275	0.983118138635369	326	1
None	rake	0.00836454078969356	0.770830179879233	619.800089783609	0.00227416629861869	2010	0.997657381818307	0.000506342932703565	0.972650052501463	326	1
None	robe	0.026734787868832	0.81249996545194	776.348149816093	0.00154204824487743	2010	0.992691513356185	0.00145743043345847	0.987199873802399	326	1
None	rose	3.82346500571451e-08	0.789473654725556	663.846892460724	0.00159018530826814	2010	0.998358799617288	0.00034370274633041	0.956365174292148	326	1
None	snail	0.0415068910194444	0.749999421963166	911.951278706978	0.00138787376942504	2010	0.989283972749157	0.00138978617034119	0.986653625075526	326	1
None	snake	1.40861727582209e-06	0.749999983525796	651.425310613541	0.00151175463223267	2010	0.996778550984009	0.000596445787982828	0.971976769179753	326	1
None	web	0.0114664839524019	0.757894705532853	655.752484200125	0.00150726084943385	2010	0.99675706310627	0.000580219931769719	0.976816866375131	326	1
None	well	0.0177770393276165	0.729166389513726	651.65526084522	0.00140170273409142	2010	0.994705140943552	0.000841057846542487	0.980639288022493	326	1
SelfPaced	bag	0.0183300963683335	0.954545423672138	618.867359687794	0.00176381299657689	2010	0.998490395308658	0.000422507001840735	0.952949344267569	326	1
SelfPaced	bark	0.0198036962340271	0.927215102431383	523.542109211888	0.00177269618884077	2010	0.998920680873328	0.000257318649290063	0.931325453780922	326	1
SelfPaced	barn	0.0061474123961846	0.930414974427143	581.615523633082	0.00241836734192514	2010	0.999176757729428	0.000245319658363665	0.928977848301779	326	1
SelfPaced	bat	2.28130599300158e-07	0.955980881559214	589.293993734937	0.00186399166999264	2010	0.998990633558781	0.000287225897372918	0.915700549054319	326	1
SelfPaced	beach	0.0626590683056198	0.931818107103003	706.651342540331	0.00167969350817334	2010	0.994940612960165	0.00128862553158502	0.982409008495572	326	1
SelfPaced	beak	0.0069820165390771	0.930226748632993	690.504501250294	0.00163767822688291	2010	0.997971743904233	0.000498908917161738	0.959260719224434	326	1
SelfPaced	bed	8.03787142400481e-08	0.914369575018391	561.1811921672	0.00202344526002157	2010	0.998341794909835	0.000475188363220053	0.95751663394168	326	1
SelfPaced	bell	0.0039242142368705	0.977497370524754	569.055144092535	0.00234809267509512	2010	0.999169154780491	0.00026381016258374	0.931081667749882	326	1
SelfPaced	braid	0.00916866499989888	0.922222029447099	657.731267903348	0.00162636264800175	2010	0.997929392315365	0.000508312650531393	0.960176877680476	326	1
SelfPaced	brain	8.738298312716e-08	0.920454492146117	600.798357292905	0.00158939817250463	2010	0.998805555642589	0.000311969675690749	0.939563478953198	326	1
SelfPaced	bug	0.0198286887000736	0.953020737886215	538.602833459736	0.00227809859674604	2010	0.998221623143694	0.000511416587164007	0.958628536438296	326	1
SelfPaced	bus	0.030118769342193	0.964785932677774	584.350281278886	0.00291456707552816	2010	0.998056103259634	0.000633710404208441	0.968217826935816	326	1
SelfPaced	cab	0.0703543194111698	0.839079703957005	779.336114271634	0.00169089673372498	2010	0.993768275972784	0.00117006356450331	0.982322708086714	326	1
SelfPaced	cake	6.19126218626143e-08	0.910112316787455	568.572400737792	0.00177618665004233	2010	0.999378559127124	0.000161730534664359	0.890916242430292	326	1
SelfPaced	cat	0.00167725729315277	0.982323547321055	501.793635457873	0.00278809502597813	2010	0.999517753378681	0.000157722566207969	0.870883754959252	326	1
SelfPaced	cave	2.17035604543891e-07	0.873563203942166	561.074653763037	0.00119897444078945	2010	0.993018536043335	0.00130218692497329	0.978048233601959	326	1
SelfPaced	cork	0.0150009300116199	0.925014132920566	601.755732355853	0.00234249608267683	2010	0.998949489250856	0.000303853915123406	0.943660235003232	326	1
SelfPaced	corn	1.41401743647407e-08	0.943181755299373	569.53464604417	0.00176475097655104	2010	0.999004478919569	0.000312619767924051	0.948575062867406	326	1
SelfPaced	crowd	0.0783903262188072	0.897727048825548	662.350405588618	0.00139059771383279	2010	0.992438657927982	0.00156046941391819	0.984233047562956	326	1
SelfPaced	crown	0.0297647687182877	0.965877400951235	680.736692622854	0.00204642661300239	2010	0.997939369759773	0.000593234277467755	0.966210330107711	326	1
SelfPaced	goal	0.0331784110469707	0.904211736350148	665.756652961218	0.00176914822244796	2010	0.995341958404817	0.00111331835273921	0.983171013302767	326	1
SelfPaced	goat	9.8285430819578e-06	0.891181066670855	480.586893185954	0.00212971722370599	2010	0.999544075484288	0.000116916006969293	0.852824942447397	326	1
SelfPaced	hole	5.95160572491871e-08	0.842696601880256	719.917901015063	0.00110097863104628	2010	0.994088291597612	0.00100431667055123	0.977720491026569	326	1
SelfPaced	horn	1.27720407583354e-08	0.938291525282213	621.938583799546	0.00158676971148906	2010	0.998858208136777	0.000285760495725052	0.937310073284903	326	1
SelfPaced	horse	0.0403444632574548	0.864622797367376	527.771942784214	0.00268268630275207	2010	0.998240227928311	0.000437278938965043	0.95263453833304	326	1
SelfPaced	hose	1.97364783405263e-08	0.820953601564434	564.785624434745	0.00113008075544055	2010	0.996507995465418	0.00062027021288759	0.957124434255423	326	1
SelfPaced	judge	0.0254714460800673	0.901403767088733	612.988719868595	0.0019376078617462	2010	0.995960376263286	0.00101721544694832	0.976202443725343	326	1
SelfPaced	jug	0.0493039248086883	0.919540167502543	703.594203192149	0.00156858830460935	2010	0.994706623842565	0.00132989849024606	0.98309396522923	326	1
SelfPaced	moon	0.0807432204191206	0.919535073754807	713.712815617937	0.00174299315617953	2010	0.995114767581303	0.00110540934760901	0.977812940549175	326	1
SelfPaced	moose	0.00271468434138894	0.894337084621416	570.398798893962	0.00186844985219931	2010	0.996749199569814	0.000809229181274613	0.972959691510216	326	1
SelfPaced	peace	0.062009690685721	0.966291597571632	757.439204329235	0.00199349474817664	2010	0.993905411408002	0.00158697041467653	0.984208485219964	326	1
SelfPaced	peach	0.0272680977862813	0.92558161416903	622.826069559338	0.00222234510518355	2010	0.997132168748125	0.000801051490373941	0.974661367286854	326	1
SelfPaced	peak	0.0277601867147533	0.896551702575902	759.671313720784	0.00129679430317349	2010	0.995482570048148	0.000917752947813898	0.975369912667245	326	1
SelfPaced	peas	0.0154710636975915	0.944443959116577	585.109524371088	0.00196959835210479	2010	0.998832617933726	0.000333989978338541	0.946755532054552	326	1
SelfPaced	pig	2.66250802893886e-06	0.907533742589827	573.929588266878	0.00217163434497487	2010	0.9989337068298	0.000294886244934008	0.945456913999782	326	1
SelfPaced	pit	3.85824954207692e-08	0.880476392548561	588.080100164563	0.00156158283294861	2010	0.999001286977365	0.00023091743055312	0.909175239758268	326	1
SelfPaced	plane	4.87818163641407e-08	0.936805721279487	646.796122601858	0.00164141185963056	2010	0.99916021278419	0.000222842438334758	0.916913238031986	326	1
SelfPaced	plate	0.0100091152716354	0.928497245557549	538.476173717948	0.00248179912716576	2010	0.999324801488146	0.000196133233134396	0.909339316433882	326	1
SelfPaced	plug	0.0282859289511131	0.908045951673467	628.238033433049	0.00162793530850836	2010	0.996417719989735	0.000854307080498307	0.973530600706277	326	1
SelfPaced	plum	0.0455539295224906	0.845534944998936	627.244822596853	0.00246538905627305	2010	0.997138353087589	0.000689826022835001	0.970770980340708	326	1
SelfPaced	race	0.0283421178122316	0.931034418342132	726.892946970721	0.0017048207216822	2010	0.995819628745072	0.0010228733596507	0.976703770366113	326	1
SelfPaced	rake	0.00967996106575036	0.936813849854874	598.040244095764	0.00287450279461518	2010	0.999083576255346	0.000294426969348634	0.926144402134494	326	1
SelfPaced	robe	0.00289973856666748	0.954022979473773	693.791773689217	0.00154313932282912	2010	0.995681468910127	0.00118656863696467	0.982280360323839	326	1
SelfPaced	rose	7.41012443072897e-08	0.93103447073578	673.703283275449	0.00166670182645327	2010	0.997795554151615	0.000613166234832438	0.968225391737233	326	1
SelfPaced	snail	0.04140086955428	0.940476177397978	849.013060879162	0.00159671338208999	2010	0.993576756669296	0.00132920817271676	0.979473460174234	326	1
SelfPaced	snake	0.0190952499665699	0.954022976325291	644.207195439849	0.00150006294467022	2010	0.998968277901727	0.000248258340731021	0.915682034476684	326	1
SelfPaced	web	0.00448583771810696	0.931817789044155	724.822047047213	0.0017543101223448	2010	0.999125740056596	0.000234648471135716	0.918558591514956	326	1
SelfPaced	well	0.0313637372572826	0.917645603451751	666.168649225139	0.00153178062376961	2010	0.997833721390916	0.000487081860301501	0.948528795916969	326	1
Text	bag	3.44940211483014e-06	0.937382454448986	583.420951890105	0.00234730160292146	2010	0.999358502384539	0.000201708596978457	0.924214372525129	326	1
Text	bark	9.01199589398161e-08	0.895557813480685	539.526287707001	0.00222706529736417	2010	0.998906938390408	0.00031620096705964	0.94353530471736	326	1
Text	barn	4.8265225530808e-05	0.861162300265838	531.263318009185	0.00249613750625102	2010	0.998809313730796	0.00031978369382928	0.947531317791701	326	1
Text	bat	3.48086371393386e-08	0.839060079031851	659.952286952035	0.00157227963589983	2010	0.998816835943176	0.000270263732423588	0.930497755997667	326	1
Text	beach	3.222308314621e-08	0.909618545126208	598.313077754136	0.00187474152600457	2010	0.997810396995735	0.000594331004372044	0.965536605559794	326	1
Text	beak	0.0389894292677849	0.906249451719684	683.135948396623	0.00187660448621916	2010	0.996868708701835	0.00079246139765146	0.978794226765595	326	1
Text	bed	1.84412577486359e-07	0.848292144368687	580.470450897889	0.00188108476022181	2010	0.997790237190755	0.000551815491949689	0.968079649680227	326	1
Text	bell	0.00456108022805296	0.914265105565704	556.786148767357	0.00301419290242075	2010	0.999535506762014	0.000143919596490475	0.877103666210299	326	1
Text	braid	3.43061212937368e-07	0.859193890393677	663.875818293565	0.00200126917847455	2010	0.998880219585249	0.000283988185322388	0.938778046616831	326	1
Text	brain	2.63970486025222e-08	0.894736740877238	615.36331580473	0.00179338098749917	2010	0.998092738529963	0.000492397583758623	0.955110065492581	326	1
Text	bug	4.79406298548035e-08	0.894614989060697	516.961045681368	0.0021368541038677	2010	0.997030864888487	0.000777970023383501	0.976531697574662	326	1
Text	bus	0.0175018401361715	0.934314430180721	594.834325882275	0.00249253493283583	2010	0.998211904743781	0.000536054179027049	0.969132574365739	326	1
Text	cab	0.0292532154120218	0.89583330735168	775.773741421585	0.00173535745212982	2010	0.995189821178591	0.00111444127011352	0.981820724621484	326	1
Text	cake	2.44151821932048e-06	0.862777480002837	553.312971378596	0.00169156411837236	2010	0.998439470473737	0.000371859975575211	0.95858669234309	326	1
Text	cat	2.61461517037098e-06	0.913995720788362	518.310958917268	0.00256370065501987	2010	0.999081548490731	0.000286869756146924	0.932129572452727	326	1
Text	cave	0.0357204340731927	0.876600889306461	659.872711409566	0.00239354044380328	2010	0.997071070658619	0.000759955199004253	0.971495895522816	326	1
Text	cork	2.40832144987602e-06	0.865620716453261	579.052230659276	0.00185296434530579	2010	0.998948245803566	0.000251349223410739	0.928066164088804	326	1
Text	corn	2.49240048044719e-08	0.906249961037935	578.458407375855	0.002100781804393	2010	0.998572331658531	0.000416838165576743	0.956481101470598	326	1
Text	crowd	0.0104167086641857	0.864583256323124	601.248670760668	0.00130192548001504	2010	0.990555294972301	0.00205284854240093	0.988113771174362	326	1
Text	crown	1.12960011344754e-08	0.927083228338808	613.46881132425	0.00173033547531962	2010	0.998246680476184	0.000510348039279125	0.955481934327504	326	1
Text	goal	0.0232078160337624	0.874999461168326	680.965481423444	0.00190462837389036	2010	0.99635821658161	0.00090191715212529	0.97509687516424	326	1
Text	goat	0.00671375950387187	0.909895200233575	506.528521161627	0.00254127361252538	2010	0.999228728077424	0.000214204432141065	0.915069256463247	326	1
Text	hole	0.0384287682826315	0.799999948298516	881.117517201202	0.00119481581303081	2010	0.988934128457933	0.00159076010722126	0.983539087708012	326	1
Text	horn	1.03041740695531e-08	0.934176209043923	637.712280879215	0.00147299119038571	2010	0.99768079872001	0.00062465946371429	0.971861081821526	326	1
Text	horse	0.0294338273137799	0.927078193654623	588.598709307787	0.00238267872760428	2010	0.998095927471624	0.000546606538655324	0.973268564342957	326	1
Text	hose	9.42582280005766e-08	0.864582991575867	621.450033618228	0.00173582702025174	2010	0.998993745052591	0.000235793642281671	0.92080225383462	326	1
Text	judge	2.05006448039668e-07	0.895832902006558	593.471718755383	0.00123788185865066	2010	0.985894928889284	0.00305856452176029	0.991870462500978	326	1
Text	jug	2.49811406005662e-08	0.906249921801494	637.082950585565	0.00174778283073091	2010	0.998177641111742	0.00048895894209854	0.950723140385326	326	1
Text	moon	0.0328046743171321	0.916666615707126	720.030378327484	0.00197041127186628	2010	0.992187854410951	0.00202083219268285	0.98762770911177	326	1
Text	moose	5.61050425007537e-08	0.925870967034096	606.660623589828	0.00220687297245549	2010	0.996355988921576	0.00106768036826554	0.982962565053344	326	1
Text	peace	0.0257036554933184	0.885416656294234	714.057006157658	0.00173552888671174	2010	0.996031947873272	0.000940649739622705	0.983466865127181	326	1
Text	peach	0.0161409619096582	0.88541524306325	617.546709555489	0.00185701371722797	2010	0.996802512596369	0.000834991279229068	0.974546082353979	326	1
Text	peak	0.0292039346716352	0.864583007995368	816.365684821044	0.00129640781149909	2010	0.990562633786601	0.00168599319495096	0.987650583686954	326	1
Text	peas	2.61455572192482e-07	0.906249933604793	578.86645264522	0.00186853016348223	2010	0.998680593632197	0.000339732185817449	0.944228335302149	326	1
Text	pig	0.00038413070124671	0.936018466013648	595.996072461972	0.00249665875739444	2010	0.998614475299106	0.000429509011579282	0.961921101329238	326	1
Text	pit	2.31586968491015e-08	0.811778443597972	568.948734407056	0.00166412486934804	2010	0.996906444045636	0.000650246222078961	0.963132590542628	326	1
Text	plane	0.0231984136033301	0.895833283201067	694.101956158481	0.00238624498752567	2010	0.998089667898279	0.000536663236908627	0.965270146131641	326	1
Text	plate	0.00109988760253921	0.841480571305179	536.414932974476	0.00288567482661387	2010	0.99752378889545	0.000655279831399106	0.966107347407282	326	1
Text	plug	0.0125063594611543	0.874999980904948	663.930645505878	0.00162523869895686	2010	0.991337469075535	0.00201972244162563	0.988465827774876	326	1
Text	plum	0.024244538373401	0.927083287955638	648.372374132982	0.00204305181660852	2010	0.998321359187922	0.000470770734318342	0.96002044431661	326	1
Text	race	0.00892933777803839	0.916654232102919	717.331724244594	0.0017192279682438	2010	0.9981961205979	0.000443378255710054	0.96383375689888	326	1
Text	rake	0.000110332709053584	0.930717650468061	572.248601786518	0.00226314242054041	2010	0.999062525999654	0.000315682500496735	0.947075435466886	326	1
Text	robe	4.90510617123796e-08	0.906249991162301	681.335849133987	0.00132856782943403	2010	0.992669854261594	0.00171409519984512	0.986021223227719	326	1
Text	rose	2.68051291718585e-08	0.856881101856893	672.694129061618	0.00185010793031539	2010	0.999244830138655	0.000194435112485844	0.914731267463113	326	1
Text	snail	0.00276329635853312	0.890109881390327	799.181574742046	0.0012200725604111	2010	0.988255364751413	0.00230015550271078	0.988651066515337	326	1
Text	snake	1.6539320191189e-08	0.873351321869113	629.532424864882	0.00189850289846053	2010	0.9990553306208	0.000258806467767713	0.933959804029208	326	1
Text	web	1.66271514334682e-08	0.906249922875247	676.943374041908	0.00182978482546307	2010	0.998741754642369	0.00034957835107257	0.946869860071175	326	1
Text	well	7.81773465963198e-08	0.842105246232812	634.926702795971	0.00137418587334076	2010	0.995318673418092	0.000983182450669274	0.979507642206598	326	1
VisNew	bag	0.00637565110038973	0.848004366295208	637.095159944506	0.0021465496702691	2010	0.998766338217723	0.000306290564995943	0.947194061681421	326	1
VisNew	bark	1.44210342833961e-07	0.813896261468229	533.429913901985	0.00244033026676284	2010	0.999064201452339	0.000242642845527987	0.937337487264481	326	1
VisNew	barn	5.81734090966957e-05	0.85179176666057	566.762771879035	0.0025045174726472	2010	0.999215726459334	0.00020647505393812	0.934612704063586	326	1
VisNew	bat	2.52887364382559e-08	0.865533662147144	616.387121636818	0.00187264480922834	2010	0.998794791196951	0.000346885100664734	0.958161325576876	326	1
VisNew	beach	1.88178368998315e-08	0.839622621584603	643.28920327747	0.00179413883967393	2010	0.996365873072416	0.00091790113856568	0.982978421104927	326	1
VisNew	beak	0.00842303639091524	0.870369530570819	709.749751036701	0.00175712154022503	2010	0.998424568415152	0.000371852980499694	0.957940622262196	326	1
VisNew	bed	1.41181794033329e-08	0.814470427067945	593.818292069386	0.00161059931654954	2010	0.99760334933632	0.000584911621976051	0.977744985288064	326	1
VisNew	bell	3.05799173205834e-08	0.823278417189842	569.858240195347	0.00240455224262951	2010	0.997984685855132	0.000534484902455097	0.972081847842219	326	1
VisNew	braid	5.30390112385426e-08	0.846153751388336	653.684752849273	0.00196938023713134	2010	0.998521513138497	0.000362299971039488	0.963264830639837	326	1
VisNew	brain	8.0516785461171e-09	0.90452488576331	601.670929727038	0.00158586894281712	2010	0.997073779967112	0.00081312155418711	0.97762565477609	326	1
VisNew	bug	6.22210081235863e-08	0.878606791886662	543.023649325853	0.00226713922445203	2010	0.999297914384203	0.000221871180318004	0.938472294268458	326	1
VisNew	bus	3.50551984162895e-06	0.849637087294332	570.541671230999	0.00274637518289744	2010	0.999655429053085	9.36163199907455e-05	0.876962329279564	326	1
VisNew	cab	0.0286115998943323	0.875343871177517	817.984507410199	0.00173887869824549	2010	0.995953792276453	0.000830620478889474	0.982194732435458	326	1
VisNew	cake	3.49051944348311e-07	0.890751869427509	561.64720483098	0.00197918260876954	2010	0.998201759603119	0.000518511505830261	0.96422051475006	326	1
VisNew	cat	2.1247599013563e-08	0.857043321756456	521.206804721635	0.00241965161437473	2010	0.999165123475876	0.000252533496861658	0.958350542198007	326	1
VisNew	cave	0.0104665368575209	0.888869127581378	644.709624215832	0.00177676707939098	2010	0.996382027682617	0.000878663602460388	0.978297614890332	326	1
VisNew	cork	9.67756408343234e-09	0.829703752775875	616.15470933146	0.00204231606072403	2010	0.999368582415078	0.000166081461929439	0.932372083865071	326	1
VisNew	corn	1.69828109353176e-08	0.810151210183104	590.703345359701	0.00178354506139925	2010	0.999037031547919	0.000234450054960943	0.940218663477177	326	1
VisNew	crowd	1.27451135201184e-08	0.830188660259513	614.343512147907	0.00126754604354717	2010	0.990650187591291	0.00189454101223541	0.990025386335627	326	1
VisNew	crown	8.62013279978591e-07	0.870369048639807	662.188672200933	0.00174734398859848	2010	0.998966274603918	0.000253764425437416	0.940420753954054	326	1
VisNew	goal	6.14061515746833e-07	0.88888828154198	644.929148151859	0.00165781164379786	2010	0.997382611734589	0.000623013825015377	0.974577063197845	326	1
VisNew	goat	1.9808165409918e-05	0.86594705687761	524.623258633797	0.00308607593834527	2010	0.99817769258963	0.000535046209686286	0.97552009395466	326	1
VisNew	hole	5.43802682329009e-08	0.809523792151151	893.530772523855	0.00108867038880942	2010	0.993584374595009	0.000881687699709034	0.978405185989748	326	1
VisNew	horn	5.40310630681162e-08	0.811448383746836	569.025424916887	0.00178603896129021	2010	0.998425641634534	0.00039330783370551	0.951927549018121	326	1
VisNew	horse	4.76027296469894e-08	0.824409472044259	570.656001118679	0.0022538345086667	2010	0.999015200626958	0.000240938890157942	0.935728925273917	326	1
VisNew	hose	6.1153278996251e-08	0.838704190659268	639.244356684231	0.00152423486700815	2010	0.995389979789313	0.00112054315592723	0.985917594579542	326	1
VisNew	judge	1.64486035347799e-08	0.86446131463322	589.627254954225	0.00201216864407401	2010	0.999363620781858	0.000190831382326769	0.922528466053108	326	1
VisNew	jug	9.09005248850292e-09	0.856541487331014	722.300578558439	0.00171971970417735	2010	0.998577605521846	0.000336771699712827	0.952468423676779	326	1
VisNew	moon	0.00578414515091785	0.842573683785867	689.809807242252	0.00180677452315352	2010	0.997846193105593	0.000555799312417678	0.970527996593952	326	1
VisNew	moose	1.8706631286225e-06	0.858574612362855	630.255147123957	0.0018915855233564	2010	0.998185542055751	0.000451086965267472	0.970405785849655	326	1
VisNew	peace	0.0279491778569388	0.833333325063006	713.656802844049	0.00162914193162342	2010	0.990119841991936	0.00218532381933678	0.991501163525241	326	1
VisNew	peach	3.07720720849058e-07	0.869984608142862	694.346679062373	0.00246675497722214	2010	0.999524815607736	0.000131567450974042	0.899857189257679	326	1
VisNew	peak	2.43193691012999e-05	0.879628144426807	792.515290875019	0.00138749334754541	2010	0.99675520288559	0.000708605067844712	0.977862332754755	326	1
VisNew	peas	2.16425125043607e-08	0.916666514574259	589.509692502051	0.00205114236739122	2010	0.997404397853122	0.000736934421696415	0.97885906389035	326	1
VisNew	pig	1.81252690076295e-05	0.853681315451759	564.271988216381	0.00219403195402904	2010	0.999060128086176	0.000271222998006857	0.934308087296617	326	1
VisNew	pit	1.5562097743782e-07	0.819267287313704	609.197767071037	0.00207310457451513	2010	0.999252979388312	0.000181171952002819	0.906641510768699	326	1
VisNew	plane	0.00635459787637788	0.840033851973904	728.912825682256	0.00193634023843385	2010	0.998531875914687	0.000336086947347233	0.956469495123255	326	1
VisNew	plate	0.00440997147109567	0.818123647481678	594.500182309869	0.00292936755659116	2010	0.999033670635765	0.000249829149060565	0.933174207062451	326	1
VisNew	plug	0.0116090796467341	0.907407394022409	722.604018366995	0.0019392478054522	2010	0.997279296282339	0.000785586434927121	0.979524958731368	326	1
VisNew	plum	0.00626743279596798	0.796294903309166	625.259391093537	0.00247447939880371	2010	0.998648084256234	0.000319056759636246	0.95766773591666	326	1
VisNew	race	0.0243098921025824	0.870370232889944	706.576014969613	0.00202828699358584	2010	0.994154279315226	0.00144658797585064	0.987951701136693	326	1
VisNew	rake	4.65415098127586e-08	0.852132192557175	574.847729584022	0.0021148128942715	2010	0.998771691674676	0.000347519095926031	0.95466078888324	326	1
VisNew	robe	0.00848191196213199	0.916666657944466	750.986956080059	0.00151144754825217	2010	0.994758685919181	0.00131427405899357	0.986527700763566	326	1
VisNew	rose	1.07684328121138e-08	0.917932377281485	638.052509319117	0.00181782078324644	2010	0.998115366756876	0.000583025557203371	0.973599710188966	326	1
VisNew	snail	0.0286497033708454	0.877358462595986	832.968761518473	0.00148661916422941	2010	0.993441655890768	0.00125056455720983	0.98641414736114	326	1
VisNew	snake	9.27831784428568e-05	0.84089023196635	645.689833456701	0.00156405446458672	2010	0.998132277687835	0.000436680720979584	0.964821292615603	326	1
VisNew	web	2.30498790609879e-08	0.861110573735764	673.369525746833	0.00175571869364517	2010	0.998993090694161	0.000245689540255302	0.932593074931779	326	1
VisNew	well	0.00697805792799472	0.861111100879816	674.328694427152	0.00180736959032712	2010	0.997339910991933	0.000706291844944104	0.980351603797959	326	1
VisSame	bag	0.0400458610107977	0.886363604255634	623.292322264511	0.00193953166439474	2010	0.997475982718529	0.00063080812175546	0.970488358714851	326	1
VisSame	bark	0.0132825947015722	0.874327446870415	532.159536184066	0.00263228504998688	2010	0.999503162413317	0.000132140960762757	0.858296543175947	326	1
VisSame	barn	0.00424194210144324	0.806360748941634	534.352466400619	0.00262931388083373	2010	0.999350784784458	0.000153624151465312	0.899869627683612	326	1
VisSame	bat	2.43030718277693e-06	0.863027002902674	601.719310067518	0.00215226425511573	2010	0.999099843001285	0.000232167670598282	0.934516986296109	326	1
VisSame	beach	1.61840276735603e-08	0.806818158792515	690.737275429739	0.0013459897978703	2010	0.999210308510966	0.000147022673042487	0.891223412647352	326	1
VisSame	beak	3.21195851099576e-06	0.829545389090928	716.685747167778	0.00130165091658327	2010	0.99630749120857	0.000778166102161342	0.977335117090093	326	1
VisSame	bed	3.49472991656441e-08	0.852272699341011	552.076329686776	0.00176195389675585	2010	0.99856611649756	0.000342208667181969	0.949971270537493	326	1
VisSame	bell	0.0101696599433951	0.821091062138972	546.718725505982	0.00326696089531028	2010	0.998567381268296	0.000370370496524189	0.961244021561939	326	1
VisSame	braid	5.3061559979195e-08	0.908045959740704	678.144079804306	0.00155132265240428	2010	0.995478237076367	0.00119147821368126	0.982081923035473	326	1
VisSame	brain	0.000167058996823344	0.818137085688267	591.331839983146	0.00174055719382805	2010	0.998986963872253	0.000220037238494044	0.922749514271071	326	1
VisSame	bug	4.79150027821174e-07	0.836417306200466	516.250394906741	0.00281409030150004	2010	0.998699504412368	0.000333094754926535	0.941189369402753	326	1
VisSame	bus	1.73979499890065e-06	0.868324112364018	578.129894589647	0.00261341837838341	2010	0.999200442382061	0.000221757309287701	0.949557466468872	326	1
VisSame	cab	0.0228304019971723	0.796524527754077	854.20770123765	0.00173447256457342	2010	0.994269200814913	0.000982523048683025	0.97832005434866	326	1
VisSame	cake	0.00915874626907576	0.818175813870835	624.430767544985	0.00163929581831864	2010	0.998082296731601	0.00042807178372581	0.958789055279617	326	1
VisSame	cat	0.0188532278123921	0.829110726652194	516.167077013291	0.00281629752244872	2010	0.999587735147871	9.98600409427594e-05	0.877161386682573	326	1
VisSame	cave	0.00715712874454899	0.806744195864	673.537492063635	0.00138806176833094	2010	0.994330854449352	0.00112775396632205	0.983611834261747	326	1
VisSame	cork	0.0287380009269714	0.872485318239972	594.742518240301	0.00228467451735746	2010	0.998507067055542	0.000378262598673485	0.960456613898461	326	1
VisSame	corn	0.0340791450962314	0.80678460114907	591.978058560011	0.00192873245426949	2010	0.998261755002919	0.000357330630252264	0.956591945499847	326	1
VisSame	crowd	0.0329632580237899	0.816091944303219	709.2716885861	0.00111953884748766	2010	0.983177742903868	0.00291954520363258	0.991427992566436	326	1
VisSame	crown	0.0113645819681667	0.874999577599475	607.992296002418	0.00154301206954696	2010	0.998889810115873	0.000241769111432444	0.923336658462827	326	1
VisSame	goal	7.23543371328184e-08	0.84592360806677	632.933805419624	0.00220595627735108	2010	0.999258224834344	0.000190944553064129	0.929204429451423	326	1
VisSame	goat	6.15847143836667e-08	0.812776739440875	513.186944826595	0.00216613596752068	2010	0.998854654207877	0.00025883033191346	0.93957101453754	326	1
VisSame	hole	2.21505494502061e-08	0.767441759541194	785.724184935192	0.0009476692153529	2010	0.989897303993119	0.00129696453870772	0.981989656955068	326	1
VisSame	horn	1.08162486274765e-05	0.78346598697151	671.166158788204	0.0015131503505869	2010	0.996575658325908	0.00064438551549726	0.973134572119749	326	1
VisSame	horse	0.0194965502726375	0.795763064266172	531.972843167202	0.00225958582131132	2010	0.998316249867768	0.000358262711617575	0.958849528999068	326	1
VisSame	hose	1.88090462649448e-08	0.845241956701614	625.847333302786	0.00172341926349646	2010	0.998662094482197	0.000333302232519879	0.949421002864521	326	1
VisSame	judge	6.39371811050893e-08	0.840908820864915	561.960390661223	0.00179734741662595	2010	0.996828939586085	0.000789604850801408	0.97321358740862	326	1
VisSame	jug	0.0238970426186239	0.852272582005399	769.432732668572	0.00141811433540381	2010	0.998526840117403	0.000290255505481985	0.935032647314071	326	1
VisSame	moon	0.00074890322257154	0.85227258459115	664.60123589129	0.00157352686984775	2010	0.998739669236511	0.000271530119278466	0.928295666367877	326	1
VisSame	moose	2.81283971503843e-07	0.846397976141644	590.708738463169	0.00199080826309468	2010	0.998319594059599	0.000406954469156206	0.960354666085452	326	1
VisSame	peace	0.0426755243132472	0.827585991325304	777.74522254053	0.00177677802986466	2010	0.996360480140625	0.000717736466910915	0.969543069509359	326	1
VisSame	peach	0.0186743290863963	0.784090854334323	580.634762369196	0.00190867979542863	2010	0.998618850776873	0.000298286909403309	0.947454981194372	326	1
VisSame	peak	2.62108130921757e-07	0.795454484893741	743.746287939574	0.00104381777719503	2010	0.989544459167225	0.00166103569721486	0.986274441474374	326	1
VisSame	peas	0.00227831861394778	0.829541426530179	597.516472107395	0.00203405887021171	2010	0.997977816974505	0.000474090788130871	0.969892517901181	326	1
VisSame	pig	9.3884954982526e-07	0.806565560189984	558.235291773957	0.00251011952295407	2010	0.999450572760537	0.00013575248762069	0.884764969677901	326	1
VisSame	pit	3.13214799485539e-07	0.83777086473939	602.834232014639	0.00215195942735657	2010	0.998845412415253	0.000285482186886166	0.953274036368793	326	1
VisSame	plane	0.0132164519298329	0.885817035415653	637.839522261818	0.00231431425155298	2010	0.998260667090754	0.0004721376475609	0.960258808151024	326	1
VisSame	plate	4.47627029331876e-08	0.847296962287634	580.747235126636	0.00265088049811404	2010	0.99935034586706	0.000180682999817935	0.927818526000938	326	1
VisSame	plug	0.0296844420293204	0.897723953162772	738.667030311045	0.00243350795001832	2010	0.997787687238633	0.000594175814809442	0.962701364485733	326	1
VisSame	plum	0.0102462610157359	0.841348504735683	600.492293864179	0.00211304928432208	2010	0.998612585758751	0.000333012101695653	0.946372916838297	326	1
VisSame	race	0.046925265336462	0.852272650866792	720.35612324013	0.00167993286212298	2010	0.992277754814987	0.00169607091784041	0.98854898046412	326	1
VisSame	rake	0.00333149144229511	0.814514977823565	571.437052716512	0.00225896408670254	2010	0.999260210979669	0.000173173115493898	0.909944247712844	326	1
VisSame	robe	0.026960133901786	0.818181461468104	766.393567057707	0.00155763806086651	2010	0.994976489252908	0.000985267563100567	0.983603688022478	326	1
VisSame	rose	4.45277444915959e-08	0.87499998985699	701.464723987692	0.00132335784166939	2010	0.994713088427136	0.00117598468981079	0.9855942747476	326	1
VisSame	snail	0.0428105140567365	0.873563174691977	752.556502040272	0.0012203714718133	2010	0.994746324132573	0.00102133953856923	0.978549378959892	326	1
VisSame	snake	9.49996845078793e-08	0.852272693167193	660.685278980342	0.00138630972163861	2010	0.997802705203457	0.000475541768379058	0.967153771571463	326	1
VisSame	web	0.0524206948474789	0.852272683634665	745.891186373004	0.00191074738070533	2010	0.994474799225653	0.00119777791243954	0.984318596546597	326	1
VisSame	well	0.0363693797341956	0.861932902615348	657.187893148179	0.0021418195255212	2010	0.996431853111597	0.000861815627389279	0.978886486873963	326	1
