Subject	Group	NNN	NNY	NYN	NYY	YNN	YNY	YYN	YYY
101	1.00	764.18	805.47	738.65	809.44	706.50	756.33	721.94	738.65
102	1.00	636.41	616.88	663.47	741.56	501.06	617.94	556.00	600.75
103	1.00	545.72	632.24	553.69	760.13	258.63	611.53	507.81	627.47
104	1.00	718.69	713.00	732.94	739.12	567.06	698.44	631.18	794.35
105	1.00	1690.71	1697.47	1707.40	1736.00	1288.50	1726.24	1730.67	1631.75
106	1.00	549.76	576.35	536.22	566.88	359.59	540.94	496.19	497.53
107	1.00	703.12	714.44	771.88	673.20	623.07	808.12	817.88	868.40
108	1.00	1044.24	1137.88	962.00	1019.35	923.59	959.00	1079.94	1070.88
109	1.00	831.73	889.81	995.81	1195.41	439.24	839.71	870.38	913.06
110	1.00	781.75	825.56	830.20	868.06	601.61	868.76	808.24	828.53
111	1.00	524.44	552.50	626.35	627.88	304.29	591.69	576.25	611.56
112	1.00	1198.88	1342.56	1389.50	1450.13	1405.87	1231.06	1181.50	1337.75
113	1.00	687.13	890.35	794.18	842.63	565.47	718.29	674.65	820.88
114	1.00	1494.39	1577.61	1413.00	1488.22	1505.56	1547.88	1544.94	1523.24
115	1.00	1080.06	1314.25	1080.60	1246.71	1000.63	1121.33	1092.29	1124.31
116	1.00	767.21	550.25	609.18	600.79	338.93	586.94	541.50	596.53
117	1.00	522.07	576.61	470.23	573.67	265.27	483.00	500.25	623.31
118	1.00	475.29	587.86	541.31	553.14	396.35	582.71	502.33	530.63
119	1.00	755.38	747.06	799.17	806.09	624.69	785.67	752.00	759.00
120	1.00	737.75	1027.13	908.67	789.80	996.33	839.11	580.63	1006.67
201	2.00	879.94	933.35	862.88	971.80	585.94	943.89	873.73	985.33
202	2.00	909.53	1034.63	995.47	836.60	889.81	1062.81	823.07	1095.33
203	2.00	1315.94	1573.09	1146.47	1510.55	1035.94	1173.71	1039.75	1300.27
205	2.00	1727.65	1868.71	1955.00	1776.86	1917.56	1759.39	2005.69	1770.14
206	2.00	787.12	516.33	973.50	896.47	618.53	829.73	728.92	953.71
207	2.00	932.94	1061.47	873.71	951.29	473.94	942.63	846.89	943.76
208	2.00	739.06	755.11	699.35	681.00	703.72	740.41	607.44	733.00
210	2.00	1528.69	1576.22	1845.72	1617.87	1576.35	1644.29	1514.71	1783.47
211	2.00	1574.24	1548.12	1561.88	1628.18	1516.67	1552.06	1477.25	1546.94
212	2.00	1244.39	1299.56	1173.35	1179.11	853.06	1209.12	1216.20	1167.44
213	2.00	1533.35	1536.29	1422.69	1608.27	1524.88	1382.33	1525.29	1537.13
214	2.00	1372.47	1434.72	1297.94	1329.27	1415.81	1480.31	1274.35	1375.63
215	2.00	1349.06	1505.00	1392.63	1529.40	1304.65	1315.50	1228.62	1415.45
216	2.00	1340.72	1380.53	1248.50	1216.35	1218.78	1289.22	1240.71	1220.33
218	2.00	918.80	911.00	1025.72	1027.94	892.71	932.06	901.56	873.31
301	2.00	1908.07	2166.54	2151.67	1980.33	1838.20	1990.25	2037.75	2078.15
302	2.00	1027.67	1246.94	1171.06	1260.73	1174.81	1306.12	1178.19	1311.50
303	2.00	1262.41	1279.33	1422.75	1581.57	1376.06	1282.91	1562.07	1260.29
304	2.00	943.00	1094.47	1072.20	1048.14	1213.20	977.44	1147.31	1166.00
305	2.00	1115.06	1188.13	1076.00	1108.35	1124.47	1120.94	1085.76	1139.88
306	2.00	945.00	1113.07	981.36	1071.70	1104.76	1015.18	1139.67	1379.77
307	2.00	620.72	979.63	835.81	879.81	319.12	964.53	968.24	994.29
308	2.00	1479.50	1563.81	1665.07	1918.85	1466.67	1407.11	1816.15	1888.25
309	2.00	1576.71	1642.20	1524.80	1578.67	1406.12	1678.69	1323.63	1614.60
310	2.00	956.38	1080.28	939.75	986.88	958.75	1022.41	933.00	1013.76
311	2.00	1399.56	1407.81	1459.81	1448.56	1435.94	1422.56	1425.06	1450.50
312	2.00	1346.38	1466.56	1366.54	1209.09	1056.00	1685.63	1302.20	1398.75
313	2.00	1255.31	1324.00	1228.88	1251.29	1291.47	1146.94	1138.50	1130.44
314	2.00	1139.94	1349.56	1142.88	1267.19	1251.47	1069.13	1095.75	1199.19
315	2.00	776.00	1079.88	806.25	869.31	931.59	838.71	907.44	801.00
401	2.00	554.91	739.50	583.87	623.21	543.46	656.33	615.15	669.69
402	2.00	1213.59	1293.35	1144.40	1220.14	1319.82	1249.65	1191.53	1171.87
403	2.00	1458.08	1570.57	1225.94	2317.75	1179.00	1656.00	1328.38	2035.25
404	2.00	1441.15	2033.46	1496.64	1392.69	1408.14	1705.89	1303.54	1416.57
405	2.00	947.17	920.69	885.00	1080.75	872.88	930.53	812.65	968.82
406	2.00	1349.27	1308.00	1118.27	1358.67	1183.00	1228.88	1311.92	1373.33
407	2.00	1018.28	1384.41	1319.83	1407.23	1201.06	1512.44	1413.62	1367.21
408	2.00	1191.65	1263.39	1173.56	1337.56	1081.82	1191.24	1159.38	1277.65
409	2.00	945.82	1102.80	883.44	1011.60	811.44	917.24	916.53	877.67
410	2.00	678.31	838.06	731.12	801.13	700.94	920.06	879.93	978.06
411	2.00	860.29	933.44	947.63	1063.83	940.65	939.24	1065.11	922.72
413	2.00	775.06	897.47	873.50	906.86	657.00	950.24	950.29	1024.54
414	2.00	892.44	887.71	970.25	915.76	737.33	920.59	839.31	876.18
415	2.00	891.53	869.00	763.78	799.44	724.94	868.29	709.06	796.24
416	2.00	869.41	929.56	865.67	936.88	759.71	864.50	765.44	914.25
417	2.00	857.06	1042.29	841.56	976.71	769.67	874.47	763.88	1051.44
418	2.00	1300.06	1477.94	1312.12	1275.59	1346.56	1341.00	1273.19	1318.40
419	2.00	1631.27	1949.75	1339.47	2123.75	1238.07	1702.63	1409.91	1320.07
420	2.00	1541.82	1638.60	1673.38	1538.62	1656.53	1472.35	1581.81	1655.31
421	1.00	230.35	530.88	452.17	504.00	161.88	457.12	463.94	600.12
422	2.00	1071.41	1063.25	1056.73	1094.00	991.29	1039.56	1016.40	1003.15
423	1.00	363.65	541.72	481.14	540.76	295.53	474.35	544.13	615.67
424	1.00	360.00	514.81	465.50	580.00	330.76	534.18	460.65	478.41
425	1.00	702.24	766.83	677.60	773.94	685.75	750.73	730.88	756.22
426	1.00	790.83	734.35	781.00	850.13	340.29	811.94	798.94	799.94
427	1.00	529.88	952.82	872.46	947.75	615.39	759.60	907.63	919.55
428	1.00	748.18	763.31	759.94	751.44	282.71	718.06	677.38	719.94
429	1.00	533.17	573.78	509.11	548.06	276.53	455.06	486.59	471.76
430	1.00	637.56	669.35	668.78	692.53	612.61	631.28	631.65	650.12
431	1.00	350.72	576.47	498.35	603.67	210.12	515.71	499.35	576.65
432	1.00	625.47	618.56	682.00	591.20	251.41	541.94	614.53	612.13
433	1.00	412.44	403.24	445.65	499.69	171.31	401.94	439.12	459.94
434	1.00	727.06	841.00	735.40	815.19	359.60	766.00	746.47	805.31
435	1.00	1724.12	1582.24	1590.53	1657.47	1729.75	1649.65	1663.19	1747.18
436	1.00	482.83	541.56	473.88	446.35	256.06	483.82	470.78	495.61
437	1.00	454.47	592.29	543.88	550.63	374.33	571.71	501.29	603.06
438	1.00	807.27	939.94	764.60	871.94	619.53	837.94	785.83	875.44
439	1.00	911.94	1104.44	943.13	1106.07	859.94	1017.19	1020.13	1169.31
441	1.00	455.57	629.12	639.47	571.86	317.88	520.65	532.69	633.06
442	1.00	1581.24	1499.81	1545.56	1520.24	1496.19	1477.75	1503.21	1526.36
443	1.00	550.63	698.13	704.29	635.78	550.00	631.00	598.29	700.25
444	1.00	596.31	751.94	599.85	734.33	561.67	679.25	702.75	673.38
445	1.00	407.39	560.71	611.88	575.41	287.88	457.81	561.53	478.87
446	1.00	1117.94	1202.39	1015.39	1124.24	929.00	972.44	885.94	1144.94
447	1.00	342.35	525.88	507.41	553.53	268.00	545.41	520.33	553.56
448	1.00	628.44	792.31	803.13	798.35	465.12	737.94	692.13	708.94
449	1.00	394.24	564.82	496.53	527.47	211.59	559.24	507.39	582.12
450	1.00	238.29	465.12	508.12	519.35	260.53	496.47	513.81	542.65
451	1.00	681.69	956.06	839.71	1015.47	425.79	779.17	826.63	972.31
452	1.00	359.24	670.06	549.76	597.76	317.33	576.06	562.17	560.88