Subject	Group	Sex	NNN	NNY	NYN	NYY	YNN	YNY	YYN	YYY
101	1	2.00	0.0	5.6	0.0	0.0	0.0	11.1	11.1	5.6
102	1	2.00	0.0	0.0	0.0	0.0	5.6	0.0	0.0	0.0
103	1	2.00	0.0	0.0	5.6	5.6	0.0	0.0	0.0	0.0
104	1	2.00	0.0	0.0	0.0	0.0	0.0	0.0	5.6	5.6
105	1	2.00	0.0	0.0	5.6	11.1	0.0	0.0	11.1	0.0
106	1	2.00	0.0	0.0	0.0	0.0	0.0	0.0	5.6	0.0
107	1	2.00	0.0	0.0	5.6	5.6	16.7	5.6	5.6	16.7
108	1	2.00	0.0	5.6	5.6	0.0	0.0	5.6	5.6	0.0
109	1	2.00	5.6	0.0	5.6	5.6	0.0	0.0	0.0	5.6
110	1	2.00	5.6	5.6	5.6	5.6	0.0	0.0	0.0	0.0
111	1	1.00	0.0	0.0	0.0	5.6	0.0	0.0	5.6	0.0
112	1	2.00	5.6	5.6	5.6	5.6	11.1	5.6	0.0	11.1
113	1	2.00	5.6	5.6	0.0	0.0	0.0	0.0	0.0	0.0
114	1	2.00	0.0	0.0	0.0	0.0	0.0	0.0	0.0	5.6
115	1	2.00	5.6	5.6	16.7	22.2	0.0	11.1	5.6	5.6
116	1	1.00	16.7	5.6	5.6	16.7	11.1	0.0	16.7	0.0
117	1	2.00	11.1	0.0	22.2	27.8	11.1	5.6	33.3	11.1
118	1	2.00	0.0	16.7	22.2	22.2	0.0	0.0	11.1	5.6
119	1	2.00	11.1	11.1	27.8	33.3	5.6	11.1	38.9	33.3
120	1	1.00	50.0	55.6	50.0	72.2	33.3	50.0	50.0	66.7
201	2	1.00	0.0	0.0	5.6	5.6	0.0	0.0	11.1	11.1
202	2	1.00	0.0	5.6	11.1	11.1	5.6	0.0	11.1	11.1
203	2	2.00	11.1	38.9	11.1	38.9	5.6	16.7	27.8	33.3
205	2	2.00	0.0	0.0	16.7	22.2	5.6	0.0	27.8	16.7
206	2	2.00	0.0	0.0	16.7	11.1	11.1	11.1	16.7	16.7
207	2	1.00	0.0	0.0	0.0	5.6	0.0	5.6	0.0	0.0
208	2	2.00	0.0	0.0	0.0	5.6	0.0	0.0	0.0	0.0
210	2	2.00	0.0	0.0	0.0	11.1	0.0	0.0	16.7	0.0
211	2	2.00	0.0	0.0	0.0	0.0	0.0	0.0	0.0	0.0
212	2	1.00	0.0	0.0	5.6	0.0	5.6	0.0	11.1	0.0
213	2	2.00	0.0	0.0	5.6	33.3	0.0	0.0	16.7	11.1
214	2	2.00	0.0	0.0	5.6	5.6	5.6	5.6	0.0	11.1
215	2	1.00	0.0	5.6	11.1	16.7	0.0	5.6	22.2	38.9
216	2	1.00	0.0	0.0	5.6	0.0	0.0	0.0	0.0	11.1
218	2	2.00	5.6	5.6	0.0	0.0	0.0	0.0	5.6	5.6
301	2	1.00	22.2	27.8	33.3	50.0	38.9	33.3	50.0	27.8
302	2	2.00	5.6	5.6	5.6	11.1	11.1	5.6	11.1	5.6
303	2	2.00	5.6	66.7	5.6	61.1	0.0	38.9	5.6	61.1
304	2	2.00	5.6	11.1	11.1	16.7	11.1	11.1	27.8	22.2
305	2	2.00	0.0	5.6	5.6	0.0	0.0	0.0	0.0	0.0
306	2	2.00	5.6	16.7	33.3	44.4	0.0	0.0	33.3	27.8
307	2	1.00	0.0	5.6	0.0	5.6	0.0	0.0	0.0	16.7
308	2	1.00	5.6	5.6	11.1	27.8	0.0	0.0	27.8	27.8
309	2	1.00	16.7	33.3	11.1	27.8	0.0	22.2	5.6	11.1
310	2	2.00	5.6	0.0	5.6	5.6	0.0	0.0	5.6	0.0
311	2	2.00	0.0	0.0	0.0	0.0	0.0	0.0	0.0	16.7
312	2	2.00	5.6	5.6	22.2	33.3	5.6	11.1	11.1	27.8
313	2	2.00	5.6	0.0	5.6	16.7	5.6	0.0	5.6	0.0
314	2	2.00	0.0	5.6	0.0	11.1	5.6	5.6	5.6	5.6
315	2	2.00	5.6	5.6	5.6	5.6	0.0	0.0	5.6	0.0
401	2	1.00	33.3	27.8	16.7	16.7	22.2	11.1	27.8	11.1
402	2	1.00	0.0	0.0	11.1	16.7	0.0	0.0	0.0	11.1
403	2	1.00	27.8	61.1	11.1	77.8	38.9	66.7	27.8	77.8
404	2	2.00	27.8	27.8	33.3	22.2	22.2	50.0	27.8	22.2
405	2	2.00	0.0	0.0	0.0	5.6	0.0	0.0	5.6	0.0
406	2	1.00	5.6	11.1	11.1	27.8	0.0	5.6	27.8	27.8
407	2	1.00	0.0	5.6	0.0	22.2	5.6	0.0	22.2	16.7
408	2	1.00	0.0	0.0	5.6	5.6	0.0	0.0	5.6	0.0
409	2	2.00	0.0	5.6	0.0	11.1	0.0	0.0	11.1	5.6
410	2	2.00	0.0	0.0	0.0	11.1	0.0	0.0	11.1	0.0
411	2	2.00	0.0	0.0	5.6	0.0	0.0	0.0	0.0	0.0
413	2	1.00	0.0	0.0	5.6	16.7	0.0	0.0	11.1	22.2
414	2	2.00	0.0	0.0	5.6	0.0	0.0	0.0	5.6	0.0
415	2	2.00	0.0	0.0	0.0	0.0	0.0	0.0	0.0	0.0
416	2	2.00	0.0	0.0	0.0	0.0	0.0	0.0	5.6	5.6
417	2	2.00	0.0	0.0	5.6	16.7	0.0	0.0	0.0	5.6
418	2	1.00	0.0	0.0	5.6	0.0	0.0	0.0	5.6	11.1
419	2	2.00	16.7	55.6	0.0	55.6	16.7	11.1	33.3	11.1
420	2	2.00	0.0	11.1	27.8	22.2	0.0	0.0	11.1	22.2
421	1	1.00	0.0	0.0	0.0	0.0	0.0	0.0	0.0	0.0
422	2	2.00	0.0	5.6	16.7	22.2	0.0	5.6	11.1	22.2
423	1	1.00	0.0	0.0	22.2	0.0	0.0	0.0	5.6	11.1
424	1	1.00	0.0	0.0	5.6	0.0	0.0	0.0	5.6	5.6
425	1	1.00	0.0	0.0	11.1	0.0	5.6	11.1	5.6	0.0
426	1	1.00	0.0	0.0	0.0	5.6	0.0	0.0	0.0	0.0
427	1	1.00	0.0	33.3	27.8	27.8	0.0	16.7	5.6	38.9
428	1	1.00	0.0	0.0	0.0	5.6	0.0	0.0	5.6	0.0
429	1	1.00	0.0	0.0	0.0	0.0	0.0	0.0	0.0	0.0
430	1	1.00	0.0	0.0	0.0	0.0	0.0	0.0	0.0	0.0
431	1	1.00	0.0	0.0	0.0	0.0	0.0	0.0	0.0	0.0
432	1	1.00	0.0	0.0	5.6	11.1	0.0	0.0	5.6	11.1
433	1	1.00	5.6	0.0	0.0	5.6	16.7	5.6	0.0	5.6
434	1	2.00	0.0	0.0	11.1	11.1	5.6	5.6	11.1	27.8
435	1	2.00	5.6	5.6	11.1	11.1	5.6	5.6	5.6	0.0
436	1	2.00	0.0	0.0	0.0	0.0	0.0	0.0	0.0	0.0
437	1	1.00	0.0	5.6	5.6	5.6	0.0	0.0	0.0	0.0
438	1	1.00	5.6	0.0	5.6	0.0	0.0	0.0	0.0	5.6
439	1	2.00	0.0	0.0	11.1	11.1	5.6	5.6	11.1	22.2
441	1	1.00	16.7	0.0	11.1	16.7	0.0	0.0	27.8	5.6
442	1	2.00	0.0	0.0	5.6	0.0	0.0	0.0	11.1	16.7
443	1	2.00	5.6	5.6	0.0	0.0	5.6	0.0	0.0	5.6
444	1	2.00	11.1	0.0	27.8	11.1	0.0	11.1	27.8	5.6
445	1	2.00	0.0	0.0	0.0	0.0	0.0	0.0	0.0	11.1
446	1	2.00	0.0	0.0	0.0	5.6	5.6	0.0	0.0	5.6
447	1	2.00	0.0	0.0	0.0	5.6	0.0	0.0	0.0	0.0
448	1	1.00	0.0	0.0	11.1	0.0	0.0	5.6	11.1	5.6
449	1	1.00	5.6	0.0	0.0	0.0	0.0	0.0	0.0	0.0
450	1	1.00	0.0	0.0	0.0	5.6	0.0	0.0	11.1	0.0
451	1	2.00	0.0	5.6	0.0	0.0	16.7	0.0	5.6	5.6
452	1	2.00	0.0	5.6	0.0	0.0	0.0	5.6	0.0	0.0